Rk,Player,Season,Age,Team,Lg,G,PA,AB,R,H,1B,2B,3B,HR,RBI,SB,CS,BB,SO,BA,OBP,SLG,OPS,OPS+,TB,GIDP,HBP,SH,SF,IBB,Pos,Player-additional
1,Bobby Abreu,2000,26,PHI,NL,154,680,576,103,182,105,42,10,25,79,28,8,100,116,.316,.416,.554,.970,143,319,12,1,0,3,9,*9/H,abreubo01
2,Edgardo Alfonzo,2000,26,NYM,NL,150,650,544,109,176,109,40,2,25,94,3,2,95,70,.324,.425,.542,.967,147,295,12,5,0,6,1,*4/DH,alfoned01
3,Luis Alicea,2000,34,TEX,AL,139,619,540,85,159,120,25,8,6,63,1,3,59,75,.294,.365,.404,.769,95,218,13,5,7,7,1,*4/5DH6,alicelu01
4,Roberto Alomar,2000,32,CLE,AL,155,697,610,111,189,128,40,2,19,89,39,4,64,82,.310,.378,.475,.853,114,290,19,6,11,6,4,*4/H,alomaro01
5,Moises Alou,2000,33,HOU,NL,126,517,454,82,161,101,28,2,30,114,3,3,52,45,.355,.416,.623,1.039,151,283,21,2,0,9,4,*97/HD,aloumo01
6,Brady Anderson,2000,36,BAL,AL,141,618,506,89,130,85,26,0,19,50,16,9,92,103,.257,.375,.421,.796,106,213,4,8,5,7,5,*897D/H,anderbr01
7,Garret Anderson,2000,28,ANA,AL,159,681,647,92,185,107,40,3,35,117,7,6,24,87,.286,.307,.519,.827,103,336,21,0,1,9,5,*89D/H,anderga01
8,Rich Aurilia,2000,28,SFG,NL,141,571,509,67,138,92,24,2,20,79,1,2,54,90,.271,.339,.444,.783,102,226,15,0,4,4,2,*6/H,aurilri01
9,Brad Ausmus,2000,31,DET,AL,150,604,523,75,139,104,25,3,7,51,11,5,69,79,.266,.357,.365,.722,89,191,19,6,4,2,0,*2/H345,ausmubr01
10,Jeff Bagwell,2000,32,HOU,NL,159,719,590,152,183,98,37,1,47,132,9,6,107,116,.310,.424,.615,1.039,152,363,19,15,0,7,11,*3/D,bagweje01
11,Tony Batista,2000,26,TOR,AL,154,664,620,96,163,88,32,2,41,114,5,4,35,121,.263,.307,.519,.827,102,322,15,6,0,3,1,*5,batisto01
12,David Bell,2000,27,SEA,AL,133,512,454,57,112,75,24,2,11,47,2,3,42,66,.247,.316,.381,.697,81,173,11,6,6,4,0,54/H36D,bellda01
13,Derek Bell,2000,31,NYM,NL,144,622,546,87,145,95,31,1,18,69,8,4,65,125,.266,.348,.425,.773,98,232,14,6,2,3,0,*9/81H,bellde01
14,Jay Bell,2000,34,ARI,NL,149,649,565,87,151,97,30,6,18,68,7,3,70,88,.267,.348,.437,.786,94,247,7,3,6,5,0,*4/HD,bellja01
15,Albert Belle,2000,33,BAL,AL,141,622,559,71,157,96,37,1,23,103,0,5,52,68,.281,.342,.474,.817,109,265,17,4,0,7,11,*9D,belleal01
16,Ronnie Belliard,2000,25,MIL,NL,152,667,571,83,150,103,30,9,8,54,7,5,82,84,.263,.354,.389,.743,91,222,12,3,4,7,4,*4/H,belliro01
17,Adrián Beltré,2000,21,LAD,NL,138,575,510,71,148,96,30,2,20,85,12,5,56,80,.290,.360,.475,.835,114,242,13,2,3,4,2,*5/6H,beltrad01
18,Marvin Benard,2000,29,SFG,NL,149,633,560,102,147,102,27,6,12,55,22,7,63,97,.263,.342,.396,.739,92,222,4,6,2,2,0,*897H,benarma01
19,Peter Bergeron,2000,22,MON,NL,148,592,518,80,127,90,25,7,5,31,11,13,58,100,.245,.320,.349,.669,67,181,4,0,14,2,0,*87/H,bergepe01
20,Dante Bichette,2000,36,BOSCIN,ALNL,155,636,575,80,169,112,32,2,23,90,5,2,49,91,.294,.350,.477,.826,105,274,21,4,1,7,3,*9D/H,bicheda01
21,Barry Bonds,2000,35,SFG,NL,143,607,480,129,147,66,28,4,49,106,11,3,117,77,.306,.440,.688,1.127,188,330,6,3,0,7,22,*7/H,bondsba01
22,Bret Boone,2000,31,SDP,NL,127,525,463,61,116,77,18,2,19,74,8,4,50,97,.251,.326,.421,.747,94,195,11,5,0,7,7,*4/H,boonebr01
23,Mike Bordick,2000,34,BALNYM,ALNL,156,644,583,88,166,115,30,1,20,80,9,6,49,99,.285,.341,.443,.783,101,258,16,3,4,5,0,*6,bordimi01
24,Scott Brosius,2000,33,NYY,AL,135,519,470,57,108,72,20,0,16,64,0,3,45,73,.230,.299,.374,.673,70,176,17,2,0,2,1,*5/379DH,brosisc01
25,Damon Buford,2000,30,CHC,NL,150,556,495,64,124,88,18,3,15,48,4,6,47,118,.251,.324,.390,.714,82,193,9,8,4,2,3,*8H/97,buforda01
26,Jeromy Burnitz,2000,31,MIL,NL,161,686,564,91,131,69,29,2,31,98,6,4,99,121,.232,.356,.456,.811,106,257,12,14,0,9,10,*9/HD,burnije01
27,Mike Cameron,2000,27,SEA,AL,155,643,543,96,145,94,28,4,19,78,24,7,78,133,.267,.365,.438,.803,108,238,10,9,7,6,0,*8/H9,camermi01
28,Sean Casey,2000,25,CIN,NL,133,545,480,69,151,96,33,2,20,85,1,0,52,80,.315,.385,.517,.902,124,248,16,7,0,6,4,*3/H,caseyse01
29,Luis Castillo,2000,24,FLA,NL,136,626,539,101,180,158,17,3,2,17,62,22,78,86,.334,.418,.388,.806,111,209,11,0,9,0,0,*4/H,castilu01
30,Eric Chávez,2000,22,OAK,AL,153,569,501,89,139,86,23,4,26,86,2,2,62,94,.277,.355,.495,.850,117,248,9,1,0,5,8,*5H/6D,chaveer01
31,Jeff Cirillo,2000,30,COL,NL,157,684,598,111,195,129,53,2,11,115,3,4,67,72,.326,.392,.477,.869,100,285,19,6,1,12,4,*5/H,cirilje01
32,Will Clark,2000,36,BALSTL,ALNL,130,507,427,78,136,83,30,2,21,70,5,2,69,69,.319,.418,.546,.964,145,233,7,7,0,4,3,*3/DH,clarkwi02
33,Royce Clayton,2000,30,TEX,AL,148,573,513,70,124,84,21,5,14,54,11,7,42,92,.242,.301,.384,.685,72,197,21,3,12,3,1,*6,claytro01
34,Ron Coomer,2000,33,MIN,AL,140,589,544,64,147,101,29,1,16,82,2,0,36,50,.270,.317,.415,.733,81,226,25,4,0,5,2,*3/D5H,coomero01
35,Wil Cordero,2000,28,CLEPIT,ALNL,127,536,496,64,137,81,35,5,16,68,1,2,32,76,.276,.328,.464,.792,98,230,18,7,0,1,1,*7/HD,cordewi01
36,Deivi Cruz,2000,27,DET,AL,156,615,583,68,176,115,46,5,10,82,1,4,13,43,.302,.318,.449,.767,97,262,25,4,8,7,2,*6/H,cruzde01
37,José Cruz,2000,26,TOR,AL,162,681,603,91,146,78,32,5,31,76,15,5,71,129,.242,.323,.466,.789,95,281,11,2,2,3,3,*8,cruzjo02
38,Johnny Damon,2000,26,KCR,AL,159,741,655,136,214,146,42,10,16,88,46,9,65,60,.327,.382,.495,.877,118,324,7,1,8,12,4,*87D/H,damonjo01
39,Brian Daubach,2000,28,BOS,AL,142,549,495,55,123,68,32,2,21,76,1,1,44,130,.248,.315,.448,.764,89,222,6,6,0,4,2,3DH/759,daubabr01
40,Carlos Delgado,2000,28,TOR,AL,162,711,569,115,196,97,57,1,41,137,0,1,123,104,.344,.470,.664,1.134,181,378,12,15,0,4,18,*3,delgaca01
41,Delino DeShields,2000,31,BAL,AL,151,643,561,84,166,108,43,5,10,86,37,10,69,82,.296,.369,.444,.813,110,249,16,1,3,9,2,47D/H8,deshide01
42,Ray Durham,2000,28,CHW,AL,151,709,614,121,172,111,35,9,17,75,25,13,75,105,.280,.361,.450,.810,103,276,13,7,5,8,0,*4/H,durhara01
43,Jermaine Dye,2000,26,KCR,AL,157,679,601,107,193,117,41,2,33,118,0,1,69,99,.321,.390,.561,.951,135,337,12,3,0,6,6,*9D/H,dyeje01
44,Damion Easley,2000,30,DET,AL,126,535,464,76,120,77,27,2,14,58,13,4,55,79,.259,.350,.416,.766,99,193,11,11,4,1,1,*4,easleda01
45,Jim Edmonds,2000,30,STL,NL,152,643,525,129,155,88,25,0,42,108,10,3,103,167,.295,.411,.583,.994,147,306,5,6,1,8,3,*8/3H,edmonji01
46,Juan Encarnación,2000,24,DET,AL,141,590,547,75,158,113,25,6,14,72,16,4,29,90,.289,.330,.433,.764,97,237,15,7,3,4,1,*8,encarju01
47,Darin Erstad,2000,26,ANA,AL,157,747,676,121,240,170,39,6,25,100,28,8,64,82,.355,.409,.541,.951,137,366,8,1,2,4,9,*78D/3H,erstada01
48,Carl Everett,2000,29,BOS,AL,137,561,496,82,149,79,32,4,34,108,11,4,52,113,.300,.373,.587,.959,136,291,4,8,0,5,5,*8H/D,evereca01
49,Steve Finley,2000,35,ARI,NL,152,623,539,100,151,84,27,5,35,96,12,6,65,87,.280,.361,.544,.904,121,293,9,8,2,9,7,*8/DH,finlest01
50,Travis Fryman,2000,31,CLE,AL,155,658,574,93,184,120,38,4,22,106,1,1,73,111,.321,.392,.516,.908,127,296,15,1,0,10,2,*5/3D,frymatr01
51,Brad Fullmer,2000,25,TOR,AL,133,524,482,76,142,80,29,1,32,104,3,1,30,68,.295,.340,.558,.898,120,269,14,6,0,6,3,*DH/3,fullmbr01
52,Rafael Furcal,2000,22,ATL,NL,131,542,455,87,134,106,20,4,4,37,40,14,73,80,.295,.394,.382,.776,98,174,2,3,9,2,0,*64/H,furcara02
53,Andrés Galarraga,2000,39,ATL,NL,141,548,494,67,149,95,25,1,28,100,3,5,36,126,.302,.369,.526,.895,123,260,15,17,0,1,5,*3H/D,galaran01
54,Nomar Garciaparra,2000,26,BOS,AL,140,599,529,104,197,122,51,3,21,96,5,2,61,50,.372,.434,.599,1.033,156,317,8,2,0,7,20,*6/HD,garcino01
55,Jason Giambi,2000,29,OAK,AL,152,664,510,108,170,97,29,1,43,137,2,0,137,96,.333,.476,.647,1.123,187,330,9,9,0,8,6,*3D/H,giambja01
56,Brian Giles,2000,29,PIT,NL,156,688,559,111,176,97,37,7,35,123,6,0,114,69,.315,.432,.594,1.026,157,332,15,7,0,8,13,*879/H,gilesbr02
57,Doug Glanville,2000,29,PHI,NL,154,689,637,89,175,134,27,6,8,52,31,8,31,76,.275,.307,.374,.681,71,238,11,2,12,7,1,*8/H,glanvdo01
58,Troy Glaus,2000,23,ANA,AL,159,678,563,120,160,75,37,1,47,102,14,11,112,163,.284,.404,.604,1.008,150,340,14,2,0,1,6,*5/6DH,glaustr01
59,Alex Gonzalez,2000,27,TOR,AL,141,591,527,68,133,85,31,2,15,69,4,4,43,113,.252,.313,.404,.717,78,213,14,4,16,1,0,*6,gonzaal01
60,Luis Gonzalez,2000,32,ARI,NL,162,722,618,106,192,112,47,2,31,114,2,4,78,85,.311,.392,.544,.935,130,336,12,12,2,12,6,*7,gonzalu01
61,Tom Goodwin,2000,31,COLLAD,NL,147,606,528,94,139,113,11,9,6,58,55,10,68,117,.263,.346,.352,.698,69,186,7,1,5,4,2,*8H7,goodwto01
62,Mark Grace,2000,36,CHC,NL,143,621,510,75,143,90,41,1,11,82,1,2,95,28,.280,.394,.429,.824,111,219,7,6,2,8,11,*3/H,gracema01
63,Shawn Green,2000,27,LAD,NL,162,714,610,98,164,92,44,4,24,99,24,5,90,121,.269,.367,.472,.839,116,288,18,8,0,6,9,*9/8H,greensh01
64,Ben Grieve,2000,24,OAK,AL,158,675,594,92,166,98,40,1,27,104,3,0,73,130,.279,.359,.487,.845,116,289,32,3,0,5,2,*7D/H,grievbe01
65,Ken Griffey Jr.,2000,30,CIN,NL,145,631,520,100,141,76,22,3,40,118,6,4,94,117,.271,.387,.556,.942,133,289,7,9,0,8,17,*8/H,griffke02
66,Marquis Grissom,2000,33,MIL,NL,146,640,595,67,145,111,18,2,14,62,20,10,39,99,.244,.288,.351,.640,63,209,9,0,2,4,2,*8/H,grissma02
67,Mark Grudzielanek,2000,30,LAD,NL,148,676,617,101,172,124,35,6,7,49,12,3,45,81,.279,.335,.389,.724,88,240,16,9,2,3,0,*4/H6,grudzma01
68,Vladimir Guerrero,2000,25,MON,NL,154,641,571,101,197,114,28,11,44,123,9,10,58,74,.345,.410,.664,1.074,162,379,15,8,0,4,23,*9/DH,guerrvl01
69,Ricky Gutierrez,2000,30,CHC,NL,125,542,449,73,124,92,19,2,11,56,8,2,66,58,.276,.375,.401,.775,99,180,10,7,16,4,0,*6/H,gutieri01
70,Cristian Guzmán,2000,22,MIN,AL,156,690,631,89,156,103,25,20,8,54,28,10,46,101,.247,.299,.388,.687,70,245,5,2,7,4,1,*6/HD,guzmacr01
71,Jeffrey Hammonds,2000,29,COL,NL,122,511,454,94,152,106,24,2,20,106,14,7,44,83,.335,.395,.529,.924,111,240,11,5,2,6,4,*97/8H,hammoje01
72,Todd Helton,2000,26,COL,NL,160,697,580,138,216,113,59,2,42,147,5,3,103,61,.372,.463,.698,1.162,163,405,12,4,0,10,22,*3/H,heltoto01
73,Rickey Henderson,2000,41,NYMSEA,ALNL,123,519,420,75,98,78,14,2,4,32,36,11,88,75,.233,.368,.305,.673,78,128,11,4,3,4,1,*7/HD,henderi01
74,Richard Hidalgo,2000,25,HOU,NL,153,644,558,118,175,86,42,3,44,122,13,6,56,110,.314,.391,.636,1.028,147,355,13,21,0,9,3,*897/H,hidalri01
75,Bobby Higginson,2000,29,DET,AL,154,679,597,104,179,101,44,4,30,102,15,3,74,99,.300,.377,.538,.915,135,321,5,2,2,3,6,*7D,higgibo02
76,Damian Jackson,2000,26,SDP,NL,138,541,470,68,120,81,27,6,6,37,28,6,62,108,.255,.345,.377,.721,89,177,7,3,4,2,2,647/H,jacksda04
77,Geoff Jenkins,2000,25,MIL,NL,135,564,512,100,155,81,36,4,34,94,11,1,33,135,.303,.360,.588,.948,137,301,9,15,0,4,6,*7/H,jenkige01
78,Derek Jeter,2000,26,NYY,AL,148,679,593,119,201,151,31,4,15,73,22,4,68,99,.339,.416,.481,.896,128,285,14,12,3,3,4,*6,jeterde01
79,Andruw Jones,2000,23,ATL,NL,161,729,656,122,199,121,36,6,36,104,21,6,59,100,.303,.366,.541,.907,126,355,12,9,0,5,0,*8,jonesan01
80,Chipper Jones,2000,28,ATL,NL,156,686,579,118,180,105,38,1,36,111,14,7,95,64,.311,.404,.566,.970,142,328,14,2,0,10,10,*5/6H,jonesch06
81,Jacque Jones,2000,25,MIN,AL,154,552,523,66,149,99,26,5,19,76,7,5,26,111,.285,.319,.463,.781,92,242,17,0,1,0,4,*78H/9,jonesja05
82,Brian Jordan,2000,33,ATL,NL,133,537,489,71,129,86,26,0,17,77,10,2,38,80,.264,.320,.421,.742,86,206,12,5,0,5,1,*9/H,jordabr01
83,David Justice,2000,34,CLENYY,AL,146,606,524,89,150,77,31,1,41,118,2,1,77,91,.286,.377,.584,.961,139,306,13,1,0,3,3,79D/H8,justida01
84,Eric Karros,2000,32,LAD,NL,155,663,584,84,146,86,29,0,31,106,4,3,63,122,.250,.321,.459,.780,100,268,18,4,0,12,2,*3/DH,karroer01
85,Jason Kendall,2000,26,PIT,NL,152,678,579,112,185,132,33,6,14,58,22,12,79,79,.320,.412,.470,.882,124,272,13,15,1,4,3,*2/H,kendaja01
86,Adam Kennedy,2000,24,ANA,AL,156,641,598,82,159,106,33,11,9,72,22,8,28,73,.266,.300,.403,.703,75,241,10,3,8,4,5,*4/H,kennead01
87,Jeff Kent,2000,32,SFG,NL,159,695,587,114,196,115,41,7,33,125,12,9,90,107,.334,.424,.596,1.021,162,350,17,9,0,9,6,*43/H,kentje01
88,Ryan Klesko,2000,29,SDP,NL,145,590,494,88,140,79,33,2,26,92,23,7,91,81,.283,.393,.516,.909,136,255,10,1,0,4,9,*3H/79,kleskry01
89,Paul Konerko,2000,24,CHW,AL,143,586,524,84,156,103,31,1,21,97,1,0,47,72,.298,.363,.481,.844,111,252,22,10,0,5,0,*3H/5D,konerpa01
90,Corey Koskie,2000,27,MIN,AL,146,559,474,79,142,97,32,4,9,65,5,4,77,104,.300,.400,.441,.841,110,209,11,4,1,3,7,*5H/D,koskico01
91,Mark Kotsay,2000,24,FLA,NL,152,578,530,87,158,110,31,5,12,57,19,9,42,46,.298,.347,.443,.791,104,235,17,0,2,4,2,*9H/83,kotsama01
92,Mike Lamb,2000,24,TEX,AL,138,538,493,65,137,104,25,2,6,47,0,2,34,60,.278,.328,.373,.702,77,184,10,4,5,2,6,*5/HD,lambmi01
93,Mike Lansing,2000,32,BOSCOL,ALNL,139,548,504,72,121,86,18,6,11,60,8,2,38,75,.240,.292,.365,.657,54,184,20,0,3,3,2,*4/H5,lansimi01
94,Matt Lawton,2000,28,MIN,AL,156,664,561,84,171,112,44,2,13,88,23,7,91,63,.305,.405,.460,.865,116,258,10,7,0,5,8,*97/DH8,lawtoma02
95,Ricky Ledée,2000,26,CLENYYTEX,AL,137,531,467,59,110,73,19,5,13,77,13,6,59,98,.236,.322,.381,.703,78,178,17,2,0,3,4,*79D/H8,ledeeri01
96,Carlos Lee,2000,24,CHW,AL,152,619,572,107,172,117,29,2,24,92,13,4,38,94,.301,.345,.484,.829,106,277,17,3,1,5,1,*7/HD,leeca01
97,Derrek Lee,2000,24,FLA,NL,158,546,477,70,134,85,18,3,28,70,0,3,63,123,.281,.368,.507,.875,124,242,14,4,0,2,6,*3H,leede02
98,Kenny Lofton,2000,33,CLE,AL,137,640,543,107,151,108,23,5,15,73,30,7,79,72,.278,.369,.422,.791,100,229,11,4,6,8,3,*8/DH,loftoke01
99,Terrence Long,2000,24,OAK,AL,138,631,584,104,168,112,34,4,18,80,5,0,43,77,.288,.336,.452,.788,101,264,18,1,0,3,1,*8/H,longte01
100,Javy López,2000,29,ATL,NL,134,525,481,60,138,92,21,1,24,89,0,0,35,80,.287,.337,.484,.822,105,233,20,4,0,5,3,*2/H,lopezja01
101,Mike Lowell,2000,26,FLA,NL,140,583,508,73,137,77,38,0,22,91,4,0,54,75,.270,.344,.474,.818,110,241,4,9,0,11,4,*5/H,lowelmi01
102,Al Martin,2000,32,SDPSEA,ALNL,135,523,480,81,137,97,15,10,15,36,10,9,36,85,.285,.338,.452,.791,105,217,3,4,0,3,5,*7H/98D,martial03
103,Dave Martinez,2000,35,CHCTBDTEXTOR,ALNL,132,513,457,60,125,96,19,5,5,47,8,7,50,73,.274,.346,.370,.716,82,169,12,2,1,3,3,*93H/78,martida01
104,Edgar Martinez,2000,37,SEA,AL,153,665,556,100,180,112,31,0,37,145,3,0,96,95,.324,.423,.579,1.002,158,322,13,5,0,8,8,*D/H3,martied01
105,Tino Martinez,2000,32,NYY,AL,155,632,569,69,147,90,37,4,16,91,4,1,52,74,.258,.328,.422,.749,89,240,16,8,0,3,9,*3/H,martiti02
106,Fred McGriff,2000,36,TBD,AL,158,664,566,82,157,112,18,0,27,106,2,0,91,120,.277,.373,.452,.826,110,256,16,0,0,7,10,*3D/H,mcgrifr01
107,Mark McLemore,2000,35,SEA,AL,138,578,481,72,118,91,23,1,3,46,30,14,81,78,.245,.353,.316,.669,77,152,12,1,11,4,2,*47/H8,mclemma01
108,Pat Meares,2000,31,PIT,NL,132,514,462,55,111,74,22,2,13,47,1,0,36,91,.240,.305,.381,.685,73,176,13,8,5,3,6,*6/H,mearepa01
109,Bengie Molina,2000,25,ANA,AL,130,513,473,59,133,97,20,2,14,71,1,0,23,33,.281,.318,.421,.739,84,199,17,6,4,7,0,*2/DH,molinbe01
110,Warren Morris,2000,26,PIT,NL,144,606,528,68,137,101,31,2,3,43,7,10,65,78,.259,.341,.343,.684,75,181,7,2,8,3,3,*4H,morriwa02
111,Bill Mueller,2000,29,SFG,NL,153,631,560,97,150,107,29,4,10,55,4,2,52,62,.268,.333,.388,.721,87,217,16,6,7,6,0,*5H/4,muellbi02
112,Phil Nevin,2000,29,SDP,NL,143,605,538,87,163,97,34,1,31,107,2,0,59,121,.303,.374,.543,.916,136,292,17,4,0,4,9,*5/H,nevinph01
113,Trot Nixon,2000,26,BOS,AL,123,502,427,66,118,71,27,8,12,60,8,1,63,85,.276,.368,.461,.830,107,197,11,2,5,5,2,*9H/8D,nixontr01
114,Troy O'Leary,2000,30,BOS,AL,138,563,513,68,134,87,30,4,13,70,0,2,44,76,.261,.320,.411,.731,82,211,12,2,0,4,2,*7/H,o'leatr01
115,Paul O'Neill,2000,37,NYY,AL,142,628,566,79,160,116,26,0,18,100,14,9,51,90,.283,.336,.424,.760,92,240,17,0,0,11,2,*9/DH,o'neipa01
116,José Offerman,2000,31,BOS,AL,116,527,451,73,115,89,14,3,9,41,0,8,70,70,.255,.354,.359,.713,80,162,9,1,2,3,0,43/DH,offerjo01
117,John Olerud,2000,31,SEA,AL,159,683,565,84,161,102,45,0,14,103,0,2,102,96,.285,.392,.439,.831,117,248,17,4,2,10,11,*3/H,olerujo01
118,Magglio Ordóñez,2000,26,CHW,AL,153,665,588,102,185,116,34,3,32,126,18,4,60,64,.315,.371,.546,.917,127,321,28,2,0,15,3,*9/H,ordonma01
119,Eric Owens,2000,29,SDP,NL,145,636,583,87,171,139,19,7,6,51,29,14,45,63,.293,.346,.381,.727,90,222,16,4,0,4,4,*978/H4,owenser01
120,Rafael Palmeiro,2000,35,TEX,AL,158,678,565,102,163,92,29,3,39,120,2,1,103,77,.288,.397,.558,.954,138,315,14,3,0,7,17,3D/H,palmera01
121,Dean Palmer,2000,31,DET,AL,145,604,524,73,134,81,22,2,29,102,4,2,66,146,.256,.338,.471,.809,108,247,9,4,0,10,2,*53D/H,palmede01
122,Jay Payton,2000,27,NYM,NL,149,529,488,63,142,101,23,1,17,62,5,11,30,60,.291,.331,.447,.778,98,218,9,3,0,8,0,*8H/7,paytoja01
123,Neifi Pérez,2000,27,COL,NL,162,699,651,92,187,127,39,11,10,71,3,6,30,63,.287,.314,.427,.741,69,278,9,0,7,11,6,*6/H,perezne01
124,Mike Piazza,2000,31,NYM,NL,136,545,482,90,156,92,26,0,38,113,4,2,58,69,.324,.398,.614,1.012,155,296,15,3,0,2,10,*2/HD,piazzmi01
125,Jorge Posada,2000,29,NYY,AL,151,624,505,92,145,81,35,1,28,86,2,2,107,151,.287,.417,.527,.943,139,266,11,8,0,4,10,*23/DH,posadjo01
126,Mark Quinn,2000,26,KCR,AL,135,544,500,76,147,92,33,2,20,78,5,2,35,91,.294,.342,.488,.830,105,244,11,3,3,3,1,7D/H98,quinnma01
127,Manny Ramírez,2000,28,CLE,AL,118,532,439,92,154,80,34,2,38,122,1,1,86,117,.351,.457,.697,1.154,186,306,9,3,0,4,9,9D,ramirma02
128,Joe Randa,2000,30,KCR,AL,158,665,612,88,186,138,29,4,15,106,6,3,36,66,.304,.343,.438,.781,94,268,19,6,1,10,3,*5/DH,randajo01
129,Pokey Reese,2000,27,CIN,NL,135,577,518,76,132,94,20,6,12,46,29,3,45,86,.255,.319,.386,.705,76,200,8,6,3,5,5,*4/H,reesepo01
130,Desi Relaford,2000,26,PHISDP,NL,128,502,410,55,88,66,14,3,5,46,13,0,75,71,.215,.351,.300,.651,69,123,10,12,3,2,7,*6/H,relafde01
131,Edgar Rentería,2000,23,STL,NL,150,643,562,94,156,107,32,1,16,76,21,13,63,77,.278,.346,.423,.770,93,238,19,1,8,9,3,*6/H,renteed01
132,Álex Rodríguez,2000,24,SEA,AL,148,672,554,134,175,98,34,2,41,132,15,4,100,121,.316,.420,.606,1.026,163,336,10,7,0,11,5,*6,rodrial01
133,Scott Rolen,2000,25,PHI,NL,128,541,483,88,144,80,32,6,26,89,8,1,51,99,.298,.370,.551,.920,129,266,4,5,0,2,9,*5/H,rolensc01
134,Tim Salmon,2000,31,ANA,AL,158,680,568,108,165,93,36,2,34,97,0,2,104,139,.290,.404,.540,.945,135,307,14,6,0,2,5,*9D/H,salmoti01
135,Rey Sánchez,2000,32,KCR,AL,143,555,509,68,139,118,18,2,1,38,7,3,28,55,.273,.314,.322,.637,61,164,17,4,11,3,0,*6/H,sanchre01
136,David Segui,2000,33,CLETEX,AL,150,634,574,93,192,130,42,1,19,103,0,1,53,84,.334,.388,.510,.898,125,293,20,1,0,6,2,3D/9H,seguida01
137,Richie Sexson,2000,25,CLEMIL,ALNL,148,607,537,89,146,85,30,1,30,91,2,0,59,159,.272,.349,.499,.848,112,268,11,7,0,4,2,37D/H,sexsori01
138,Gary Sheffield,2000,31,LAD,NL,141,612,501,105,163,93,24,3,43,109,4,6,101,71,.325,.438,.643,1.081,176,322,13,4,0,6,7,*7/D,sheffga01
139,Chris Singleton,2000,27,CHW,AL,147,566,511,83,130,92,22,5,11,62,22,7,35,85,.254,.301,.382,.683,71,195,6,1,12,4,2,*87/HD,singlch01
140,J.T. Snow,2000,32,SFG,NL,155,627,536,82,152,98,33,2,19,96,1,3,66,129,.284,.365,.459,.824,113,246,20,11,0,14,6,*3/H,snowj.01
141,Sammy Sosa,2000,31,CHC,NL,156,705,604,106,193,104,38,1,50,138,7,4,91,168,.320,.406,.634,1.040,161,383,12,2,0,8,19,*9/8,sosasa01
142,Matt Stairs,2000,32,OAK,AL,143,562,476,74,108,61,26,0,21,81,5,2,78,122,.227,.333,.414,.747,92,197,7,1,1,6,4,9DH/38,stairma01
143,Shannon Stewart,2000,26,TOR,AL,136,631,583,107,186,117,43,5,21,69,20,5,37,79,.319,.363,.518,.882,118,302,12,6,1,4,1,*7/8,stewash01
144,B.J. Surhoff,2000,35,ATLBAL,ALNL,147,587,539,69,157,105,36,2,14,68,10,2,41,58,.291,.344,.443,.787,101,239,10,3,2,2,3,*7H/D,surhob.01
145,Mike Sweeney,2000,26,KCR,AL,159,717,618,105,206,147,30,0,29,144,8,3,71,67,.333,.407,.523,.930,131,323,15,15,0,13,5,*3D,sweenmi01
146,Miguel Tejada,2000,26,OAK,AL,160,681,607,105,167,104,32,1,30,115,6,0,66,102,.275,.349,.479,.828,111,291,15,4,2,2,6,*6/H,tejadmi01
147,Frank Thomas,2000,32,CHW,AL,159,707,582,115,191,104,44,0,43,143,1,3,112,94,.328,.436,.625,1.061,163,364,13,5,0,8,18,*D3/H,thomafr04
148,Jim Thome,2000,29,CLE,AL,158,684,557,106,150,79,33,1,37,106,1,0,118,171,.269,.398,.531,.929,132,296,8,4,0,5,4,3D/H,thomeji01
149,José Valentín,2000,30,CHW,AL,144,648,568,107,155,87,37,6,25,92,19,2,59,106,.273,.343,.491,.835,107,279,11,4,13,4,1,*6/H9,valenjo03
150,Jason Varitek,2000,28,BOS,AL,139,519,448,55,111,69,31,1,10,65,1,1,60,84,.248,.342,.388,.730,83,174,16,6,1,4,3,*2H/D,varitja01
151,Greg Vaughn,2000,34,TBD,AL,127,545,461,83,117,61,27,1,28,74,8,1,80,128,.254,.365,.499,.864,119,230,10,2,0,2,3,7D/H,vaughgr01
152,Mo Vaughn,2000,32,ANA,AL,161,712,614,93,167,100,31,0,36,117,2,0,79,181,.272,.365,.498,.864,115,306,14,14,0,5,11,*3D/H,vaughmo01
153,Randy Velarde,2000,37,OAK,AL,122,546,485,82,135,100,23,0,12,41,9,3,54,95,.278,.354,.400,.754,95,194,15,3,3,1,0,*4/H,velarra01
154,Robin Ventura,2000,32,NYM,NL,141,551,469,61,109,61,23,1,24,84,3,5,75,91,.232,.338,.439,.777,98,206,14,2,1,4,12,*5/H3,venturo01
155,José Vidro,2000,25,MON,NL,153,663,606,101,200,123,51,2,24,97,5,4,49,69,.330,.379,.540,.918,126,327,17,2,0,6,4,*4,vidrojo01
156,Fernando Vina,2000,31,STL,NL,123,554,487,81,146,112,24,6,4,31,10,8,36,36,.300,.380,.398,.779,97,194,5,28,2,1,0,*4/H,vinafe01
157,Omar Vizquel,2000,33,CLE,AL,156,717,613,101,176,139,27,3,7,66,22,10,87,72,.287,.377,.375,.753,92,230,13,5,7,5,0,*6/H,vizquom01
158,Bernie Williams,2000,31,NYY,AL,141,616,537,108,165,92,37,6,30,121,13,5,71,84,.307,.391,.566,.957,140,304,15,5,0,3,11,*8/DH,willibe02
159,Gerald Williams,2000,33,TBD,AL,146,682,632,87,173,120,30,2,21,89,12,12,34,103,.274,.312,.427,.739,87,270,6,3,9,4,0,*8/DH,willige02
160,Preston Wilson,2000,25,FLA,NL,161,674,605,94,160,91,35,3,31,121,36,14,55,187,.264,.331,.486,.817,109,294,11,8,0,6,1,*8/H,wilsopr01
161,Tony Womack,2000,30,ARI,NL,146,659,617,95,167,125,21,14,7,57,45,11,30,74,.271,.307,.384,.692,71,237,6,5,2,5,0,*6/H9,womacto01
162,Dmitri Young,2000,26,CIN,NL,152,593,548,68,166,105,37,6,18,88,0,3,36,80,.303,.346,.491,.837,107,269,16,3,1,5,6,*73H/D9,youngdm01
163,Eric Young Sr.,2000,33,CHC,NL,153,690,607,98,180,132,40,2,6,47,54,7,63,39,.297,.367,.399,.766,97,242,12,8,7,5,1,*4/H,younger01
164,Kevin Young,2000,31,PIT,NL,132,541,496,77,128,81,27,0,20,88,8,3,32,96,.258,.311,.433,.744,86,215,15,8,0,5,1,*3/HD,youngke01
165,Todd Zeile,2000,34,NYM,NL,153,623,544,67,146,85,36,3,22,79,3,4,74,85,.268,.356,.467,.823,110,254,15,2,0,3,4,*3/H,zeileto01