Rk,Player,HR,Season,Age,Team,Lg,G,PA,AB,R,H,1B,2B,3B,HR,RBI,SB,CS,BB,SO,BA,OBP,SLG,OPS,OPS+,TB,GIDP,HBP,SH,SF,IBB,Pos,Player-additional
1,Aaron Judge,62,2022,30,NYY,AL,157,696,570,133,177,87,28,0,62,131,16,3,111,175,.311,.425,.686,1.111,211,391,14,6,0,5,19,*89D/H,judgeaa01
2,Kyle Schwarber,46,2022,29,PHI,NL,155,669,577,100,126,56,21,3,46,94,10,1,86,200,.218,.323,.504,.827,130,291,10,4,0,2,3,*7D/H,schwaky01
3,Pete Alonso,40,2022,27,NYM,NL,160,685,597,95,162,95,27,0,40,131,5,1,67,128,.271,.352,.518,.869,146,309,17,12,0,9,16,*3D,alonspe01
4,Austin Riley,38,2022,25,ATL,NL,159,693,615,90,168,89,39,2,38,93,2,0,57,168,.273,.349,.528,.878,142,325,13,17,0,4,1,*5/3H,rileyau01
5,Yordan Alvarez,37,2022,25,HOU,AL,135,561,470,95,144,76,29,2,37,97,1,1,78,106,.306,.406,.613,1.019,187,288,12,6,0,7,9,D7/H,alvaryo01
6,Christian Walker,36,2022,31,ARI,NL,160,667,583,84,141,78,25,2,36,94,2,2,69,131,.242,.327,.477,.804,126,278,15,8,0,7,2,*3D/H,walkech02
7,Mookie Betts,35,2022,29,LAD,NL,142,639,572,117,154,76,40,3,35,82,12,2,55,104,.269,.340,.533,.873,136,305,8,8,0,4,0,*9/4HD,bettsmo01
8,Paul Goldschmidt,35,2022,34,STL,NL,151,651,561,106,178,102,41,0,35,115,7,0,79,141,.317,.404,.578,.981,180,324,7,5,0,4,1,*3D/H,goldspa01
9,Rowdy Tellez,35,2022,27,MIL,NL,153,599,529,67,116,58,23,0,35,89,2,1,62,121,.219,.306,.461,.767,115,244,20,5,0,3,9,*3H/D,tellero01
10,Matt Olson,34,2022,28,ATL,NL,162,699,616,86,148,70,44,0,34,103,0,0,75,170,.240,.325,.477,.802,122,294,13,4,0,4,6,*3,olsonma02
11,Shohei Ohtani,34,2022,27,LAA,AL,157,666,586,90,160,90,30,6,34,95,11,9,72,161,.273,.356,.519,.875,145,304,6,5,0,3,14,*D1/H,ohtansh01
12,Anthony Santander,33,2022,27,BAL,AL,152,647,574,78,138,81,24,0,33,89,0,2,55,122,.240,.318,.455,.773,117,261,14,13,0,5,1,*97D/H,santaan02
13,Corey Seager,33,2022,28,TEX,AL,151,663,593,91,145,87,24,1,33,83,3,0,58,103,.245,.317,.455,.772,119,270,14,7,0,5,7,*6/D,seageco01
14,Vladimir Guerrero Jr.,32,2022,23,TOR,AL,160,706,638,90,175,108,35,0,32,97,8,3,58,116,.274,.339,.480,.818,132,306,26,6,0,4,6,*3D/H5,guerrvl02
15,Manny Machado,32,2022,29,SDP,NL,150,644,578,100,172,102,37,1,32,102,9,1,63,133,.298,.366,.531,.898,159,307,12,1,0,2,10,*5D/H,machama01
16,Anthony Rizzo,32,2022,32,NYY,AL,130,548,465,77,104,50,21,1,32,75,6,5,58,101,.224,.338,.480,.817,131,223,13,23,0,2,6,*3/DH,rizzoan01
17,Willy Adames,31,2022,26,MIL,NL,139,617,563,83,134,72,31,0,31,98,8,3,49,166,.238,.298,.458,.756,112,258,11,1,0,4,3,*6/DH,adamewi01
18,Eugenio Suárez,31,2022,30,SEA,AL,150,629,543,76,128,71,24,2,31,87,0,0,73,196,.236,.332,.459,.791,129,249,12,8,0,5,0,*5D/H,suareeu01
19,Nolan Arenado,30,2022,31,STL,NL,148,620,557,73,163,90,42,1,30,103,5,3,52,72,.293,.358,.533,.891,154,297,15,7,0,4,3,*5D/H,arenano01
20,Rhys Hoskins,30,2022,29,PHI,NL,156,672,589,81,145,80,33,2,30,79,2,1,72,169,.246,.332,.462,.794,122,272,12,6,0,4,0,*3/DH,hoskirh01
21,Kyle Tucker,30,2022,25,HOU,AL,150,609,544,71,140,81,28,1,30,107,25,4,59,95,.257,.330,.478,.808,128,260,11,1,0,2,4,*9/DH,tuckeky01
22,C.J. Cron,29,2022,32,COL,NL,150,632,575,79,148,88,28,3,29,102,0,0,43,164,.257,.315,.468,.783,107,269,16,8,0,5,6,*3D/H,croncj01
23,José Ramírez,29,2022,29,CLE,AL,157,685,601,90,168,90,44,5,29,126,20,7,69,82,.280,.355,.514,.869,148,309,5,6,0,9,20,*5D,ramirjo01
24,Hunter Renfroe,29,2022,30,MIL,NL,125,522,474,62,121,68,23,1,29,72,1,1,39,121,.255,.315,.492,.807,126,233,11,4,2,3,1,*9/D3,renfrhu01
25,Jose Altuve,28,2022,32,HOU,AL,141,604,527,103,158,91,39,0,28,57,18,1,66,87,.300,.387,.533,.921,160,281,13,10,0,1,2,*4/HD,altuvjo01
26,Brandon Drury,28,2022,29,CINSDP,NL,138,568,518,87,136,75,31,2,28,87,2,3,38,126,.263,.320,.492,.813,122,255,8,8,0,4,0,534D/H69,drurybr01
27,Julio Rodríguez,28,2022,21,SEA,AL,132,560,511,84,145,89,25,3,28,75,25,7,40,145,.284,.345,.509,.853,147,260,7,8,0,1,4,*8/DH,rodriju01
28,Matt Chapman,27,2022,29,TOR,AL,155,621,538,83,123,68,27,1,27,76,2,2,68,170,.229,.324,.433,.757,115,233,7,10,0,5,1,*5/HD,chapmma01
29,Rafael Devers,27,2022,25,BOS,AL,141,614,555,84,164,94,42,1,27,88,3,1,50,114,.295,.358,.521,.879,141,289,14,6,0,3,11,*5/DH,deverra01
30,Adolis García,27,2022,29,TEX,AL,156,657,605,88,151,85,34,5,27,101,25,6,40,183,.250,.300,.456,.756,113,276,9,6,0,6,2,*98D/H,garciad02
31,Nathaniel Lowe,27,2022,26,TEX,AL,157,645,593,74,179,123,26,3,27,76,2,2,48,147,.302,.358,.492,.851,141,292,10,4,0,0,2,*3/DH,lowena01
32,Bryan Reynolds,27,2022,27,PIT,NL,145,614,542,74,142,92,19,4,27,62,7,3,56,141,.262,.345,.461,.807,126,250,13,14,0,2,6,*8D/7H,reynobr01
33,Juan Soto,27,2022,23,SDPWSN,NL,153,664,524,93,127,73,25,2,27,62,6,2,135,96,.242,.401,.452,.853,149,237,12,4,0,0,6,*9/DH,sotoju01
34,Daulton Varsho,27,2022,25,ARI,NL,151,592,531,79,125,72,23,3,27,74,16,6,46,145,.235,.302,.443,.745,109,235,8,7,2,5,0,*982D/H,varshda01
35,Francisco Lindor,26,2022,28,NYM,NL,161,706,630,98,170,114,25,5,26,107,16,6,59,133,.270,.339,.449,.788,125,283,11,10,0,7,2,*6/D,lindofr01
36,Marcus Semien,26,2022,31,TEX,AL,161,724,657,101,163,101,31,5,26,83,25,8,53,120,.248,.304,.429,.733,108,282,7,4,0,10,0,*46,semiema01
37,Seth Brown,25,2022,29,OAK,AL,150,555,500,55,115,61,26,3,25,73,11,2,51,146,.230,.305,.444,.749,116,222,7,3,0,1,3,3798H/D,brownse01
38,Teoscar Hernández,25,2022,29,TOR,AL,131,535,499,71,133,72,35,1,25,77,6,3,34,152,.267,.316,.491,.807,127,245,18,2,0,0,0,*9D/7H,hernate01
39,George Springer,25,2022,32,TOR,AL,133,583,513,89,137,86,22,4,25,76,14,2,54,100,.267,.342,.472,.814,131,242,7,7,0,5,1,8D9/H,springe01
40,Dansby Swanson,25,2022,28,ATL,NL,162,696,640,99,177,119,32,1,25,96,18,7,49,182,.277,.329,.447,.776,115,286,12,3,0,4,0,*6,swansda01
41,Patrick Wisdom,25,2022,30,CHC,NL,134,534,469,67,97,44,28,0,25,66,8,4,53,183,.207,.298,.426,.725,102,200,8,9,1,2,1,53/97HD8,wisdopa01
42,Bo Bichette,24,2022,24,TOR,AL,159,697,652,91,189,121,43,1,24,93,13,8,41,155,.290,.333,.469,.802,127,306,21,2,0,2,0,*6/DH,bichebo01
43,Will Smith,24,2022,27,LAD,NL,137,578,508,68,132,79,26,3,24,87,1,0,56,96,.260,.343,.465,.807,120,236,11,10,0,4,4,*2D/H,smithwi05
44,Gleyber Torres,24,2022,25,NYY,AL,140,572,526,73,135,82,28,1,24,76,10,5,39,129,.257,.310,.451,.761,114,237,12,3,1,3,2,*4/DH6,torregl01
45,Alex Bregman,23,2022,28,HOU,AL,155,656,548,93,142,81,38,0,23,93,1,2,87,77,.259,.366,.454,.820,133,249,18,11,0,10,1,*5/H,bregmal01
46,Marcell Ozuna,23,2022,31,ATL,NL,124,507,470,56,106,64,19,0,23,56,2,1,31,122,.226,.274,.413,.687,89,194,12,2,0,4,0,D7,ozunama01
47,Taylor Ward,23,2022,28,LAA,AL,135,564,495,73,139,92,22,2,23,65,5,3,60,120,.281,.360,.473,.833,135,234,5,4,0,5,0,*9/8H57D,wardta01
48,Carlos Correa,22,2022,27,MIN,AL,136,590,522,70,152,105,24,1,22,64,0,1,61,121,.291,.366,.467,.834,140,244,18,3,0,4,2,*6/DH,correca01
49,Ryan Mountcastle,22,2022,25,BAL,AL,145,609,555,62,139,88,28,1,22,85,4,1,43,154,.250,.305,.423,.729,105,235,12,4,0,7,1,*3D/H,mountry01
50,Jeremy Peña,22,2022,24,HOU,AL,136,558,521,72,132,88,20,2,22,63,11,2,22,135,.253,.289,.426,.715,101,222,5,6,1,5,0,*6/H,penaje02
51,J.T. Realmuto,22,2022,31,PHI,NL,139,562,504,75,139,86,26,5,22,84,21,1,41,119,.276,.342,.478,.820,129,241,7,12,0,5,1,*2/H3D,realmjt01
52,Luke Voit,22,2022,31,SDPWSN,NL,135,568,500,55,113,69,22,0,22,69,1,1,55,179,.226,.308,.402,.710,106,201,9,7,0,6,1,D3/H,voitlu01
53,Freddie Freeman,21,2022,32,LAD,NL,159,708,612,117,199,129,47,2,21,100,13,3,84,102,.325,.407,.511,.918,152,313,6,5,0,7,12,*3,freemfr01
54,Max Muncy,21,2022,31,LAD,NL,136,565,464,69,91,47,22,1,21,69,2,0,90,141,.196,.329,.384,.713,96,178,2,5,0,6,1,54D/H3,muncyma01
55,Trea Turner,21,2022,29,LAD,NL,160,708,652,101,194,130,39,4,21,100,27,3,45,131,.298,.343,.466,.809,121,304,9,3,0,6,1,*6,turnetr01
56,Randy Arozarena,20,2022,27,TBR,AL,153,645,586,72,154,90,41,3,20,89,32,12,46,156,.263,.327,.445,.773,124,261,17,11,0,2,2,*7D9/H,arozara01
57,Eduardo Escobar,20,2022,33,NYM,NL,136,542,495,58,119,69,26,4,20,69,0,2,40,129,.240,.295,.430,.726,106,213,4,1,0,6,3,*5/DH4,escobed01
58,Ty France,20,2022,27,SEA,AL,140,613,551,65,151,103,27,1,20,83,0,0,35,94,.274,.338,.436,.774,125,240,18,21,0,5,3,*3/D5H4,francty01
59,Ryan McMahon,20,2022,27,COL,NL,153,597,529,67,130,84,23,3,20,67,7,3,60,158,.246,.327,.414,.741,98,219,7,5,0,3,0,*54/H3D,mcmahry01
60,Bobby Witt,20,2022,22,KCR,AL,150,632,591,82,150,93,31,6,20,80,30,7,30,135,.254,.294,.428,.722,102,253,12,6,0,5,2,65/DH,wittbo02
61,Cody Bellinger,19,2022,26,LAD,NL,144,550,504,70,106,57,27,3,19,68,14,3,38,150,.210,.265,.389,.654,78,196,7,2,0,6,0,*8/H,bellico01
62,Wilmer Flores,19,2022,30,SFG,NL,151,602,525,72,120,72,28,1,19,71,0,0,59,103,.229,.316,.394,.710,100,207,7,11,0,7,1,435DH,florewi01
63,Randal Grichuk,19,2022,30,COL,NL,140,538,506,60,131,88,21,3,19,73,4,0,24,127,.259,.299,.425,.724,92,215,12,6,0,2,0,*98/H1D,grichra01
64,Carlos Santana,19,2022,36,KCRSEA,AL,131,506,431,52,87,50,18,0,19,60,0,0,71,88,.202,.316,.376,.692,100,162,9,2,0,2,2,3D/H9,santaca01
65,Trey Mancini,18,2022,30,BALHOU,AL,143,587,519,56,124,82,23,1,18,63,0,0,53,135,.239,.319,.391,.710,101,203,12,10,0,5,2,D379/H,mancitr01
66,MJ Melendez,18,2022,23,KCR,AL,129,534,460,57,100,58,21,3,18,62,2,3,66,131,.217,.313,.393,.706,99,181,2,1,0,7,1,27D9/H,melenmj01
67,Sean Murphy,18,2022,27,OAK,AL,148,612,537,67,134,77,37,2,18,66,1,0,56,124,.250,.332,.426,.759,120,229,14,13,0,5,2,*2D/H,murphse01
68,Elvis Andrus,17,2022,33,CHWOAK,AL,149,577,535,66,133,84,32,0,17,58,18,4,39,92,.249,.303,.404,.707,103,216,11,3,0,0,0,*6/HD,andruel01
69,Javier Báez,17,2022,29,DET,AL,144,590,555,64,132,84,27,4,17,67,9,2,26,147,.238,.278,.393,.671,93,218,13,6,0,3,1,*6D/H,baezja01
70,Josh Bell,17,2022,29,SDPWSN,NL,156,647,552,78,147,98,29,3,17,71,0,1,81,102,.266,.362,.422,.784,128,233,22,5,0,6,4,*3D/H,belljo02
71,Trent Grisham,17,2022,25,SDP,NL,152,524,451,58,83,48,16,2,17,53,7,1,57,150,.184,.284,.341,.626,83,154,3,7,7,2,1,*8H,grishtr01
72,Jake Cronenworth,17,2022,28,SDP,NL,158,684,587,88,140,89,30,4,17,88,3,0,70,131,.239,.332,.390,.722,111,229,2,16,0,8,3,*43/6HD,croneja01
73,Andrés Giménez,17,2022,23,CLE,AL,146,557,491,66,146,100,26,3,17,69,20,3,34,112,.297,.371,.466,.837,141,229,9,25,4,3,4,*46/H,gimenan01
74,Ian Happ,17,2022,27,CHC,NL,158,641,573,72,155,94,42,2,17,72,9,4,58,149,.271,.342,.440,.781,119,252,11,6,0,4,4,*7D/H8,happia01
75,Andrew McCutchen,17,2022,35,MIL,NL,134,580,515,66,122,80,25,0,17,69,8,6,57,124,.237,.316,.384,.700,99,198,10,4,0,4,1,D79/8H,mccutan01
76,Tommy Pham,17,2022,34,BOSCIN,ALNL,144,622,554,89,131,90,23,1,17,63,8,3,56,167,.236,.312,.374,.686,87,207,20,7,0,5,0,*7D/H,phamth01
77,Luis Rengifo,17,2022,25,LAA,AL,127,511,489,45,129,86,22,4,17,52,6,2,17,79,.264,.294,.429,.724,103,210,11,4,1,0,0,456/9H7,rengilu01
78,Lane Thomas,17,2022,26,WSN,NL,146,548,498,62,120,75,26,2,17,52,8,4,41,132,.241,.301,.404,.705,103,201,8,4,0,5,0,*789H/D,thomala02
79,Andrew Vaughn,17,2022,24,CHW,AL,134,555,510,60,138,92,28,1,17,76,0,0,31,96,.271,.321,.429,.750,111,219,13,9,0,5,0,97D3/H4,vaughan01
80,Mike Yastrzemski,17,2022,31,SFG,NL,148,558,485,73,104,54,31,2,17,57,5,1,61,141,.214,.305,.392,.697,96,190,3,5,1,6,0,*98H/D,yastrmi01
81,Jesús Aguilar,16,2022,32,BALMIA,ALNL,129,507,464,39,109,74,19,0,16,51,1,0,28,119,.235,.281,.379,.661,86,176,8,4,0,5,1,3DH/5,aguilje01
82,Charlie Blackmon,16,2022,35,COL,NL,135,577,530,60,140,96,22,6,16,78,4,1,32,109,.264,.314,.419,.733,95,222,10,8,4,3,4,D9/H,blackch02
83,Austin Hays,16,2022,26,BAL,AL,145,582,535,66,134,81,35,2,16,60,2,4,34,114,.250,.306,.413,.719,103,221,11,10,0,3,0,*79/8DH,haysau01
84,Starling Marte,16,2022,33,NYM,NL,118,505,466,76,136,91,24,5,16,63,18,9,26,97,.292,.347,.468,.814,132,218,18,13,0,0,0,*9/8HD,martest01
85,J.D. Martinez,16,2022,34,BOS,AL,139,596,533,76,146,86,43,1,16,62,0,0,52,145,.274,.341,.448,.790,117,239,20,5,0,5,1,*D,martijd02
86,Cedric Mullins,16,2022,27,BAL,AL,156,672,608,89,157,105,32,4,16,64,34,10,47,126,.258,.318,.403,.721,104,245,4,9,1,5,2,*8/HD,mullice01
87,Brandon Nimmo,16,2022,29,NYM,NL,151,673,580,102,159,106,30,7,16,64,3,2,71,116,.274,.367,.433,.800,130,251,9,16,3,3,0,*8,nimmobr01
88,José Abreu,15,2022,35,CHW,AL,157,679,601,85,183,128,40,0,15,75,0,0,62,110,.304,.378,.446,.824,133,268,19,12,0,4,2,*3D,abreujo02
89,Ronald Acuña Jr.,15,2022,24,ATL,NL,119,533,467,71,124,85,24,0,15,50,29,11,53,126,.266,.351,.413,.764,114,193,8,10,0,3,4,9D/H8,acunaro01
90,Xander Bogaerts,15,2022,29,BOS,AL,150,631,557,84,171,118,38,0,15,73,8,2,57,118,.307,.377,.456,.833,131,254,14,10,0,7,2,*6/DH,bogaexa01
91,Josh Donaldson,15,2022,36,NYY,AL,132,546,478,59,106,63,28,0,15,62,2,2,54,148,.222,.308,.374,.682,94,179,13,8,0,6,1,5D/H,donaljo02
92,Jurickson Profar,15,2022,29,SDP,NL,152,658,575,82,140,87,36,2,15,58,5,1,73,103,.243,.331,.391,.723,111,225,12,4,3,3,0,*7/DH,profaju01
93,Thairo Estrada,14,2022,26,SFG,NL,140,541,488,71,127,89,22,2,14,62,21,6,33,89,.260,.322,.400,.722,103,195,10,14,1,5,0,467H/58,estrath01
94,Kyle Farmer,14,2022,31,CIN,NL,145,583,526,58,134,94,25,1,14,78,4,3,33,99,.255,.315,.386,.701,90,203,20,16,2,6,0,65D/H3,farmeky01
95,Alejandro Kirk,14,2022,23,TOR,AL,139,541,470,59,134,101,19,0,14,63,0,0,63,58,.285,.372,.415,.786,126,195,11,4,0,4,2,2DH,kirkal01
96,AJ Pollock,14,2022,34,CHW,AL,138,527,489,61,120,79,26,1,14,56,3,1,32,98,.245,.292,.389,.681,91,190,13,2,0,4,0,*789/H,polloaj01
97,Jesse Winker,14,2022,28,SEA,AL,136,547,456,51,100,71,15,0,14,53,0,0,84,103,.219,.344,.344,.688,103,157,8,4,0,3,1,*7D/H,winkeje01
98,Christian Yelich,14,2022,30,MIL,NL,154,671,575,99,145,102,25,4,14,57,19,3,88,162,.252,.355,.383,.738,111,220,9,5,1,2,5,*7D/H,yelicch01
99,Alec Bohm,13,2022,25,PHI,NL,152,631,586,79,164,124,24,3,13,72,2,3,31,110,.280,.315,.398,.713,100,233,18,4,0,10,1,*53/DH,bohmal01
100,Mark Canha,13,2022,33,NYM,NL,140,542,462,71,123,86,24,0,13,61,3,1,48,97,.266,.367,.403,.770,122,186,3,28,0,4,1,*7H8/9D35,canhama01
101,Nick Castellanos,13,2022,30,PHI,NL,136,558,524,56,138,98,27,0,13,62,7,1,29,130,.263,.305,.389,.694,95,204,15,3,0,2,0,*9D/7H,casteni01
102,Tommy Edman,13,2022,27,STL,NL,153,630,577,95,153,105,31,4,13,57,32,3,46,111,.265,.324,.400,.725,108,231,10,5,1,1,2,46/5H98,edmanto01
103,Jorge Mateo,13,2022,27,BAL,AL,150,533,494,63,109,64,25,7,13,50,35,9,27,147,.221,.267,.379,.646,81,187,8,5,3,2,0,*6/H,mateojo01
104,Brendan Rodgers,13,2022,25,COL,NL,137,581,527,72,140,94,30,3,13,63,0,0,46,101,.266,.325,.408,.733,96,215,25,3,0,5,0,*4/D,rodgebr02
105,Justin Turner,13,2022,37,LAD,NL,128,532,468,61,130,81,36,0,13,81,3,0,50,89,.278,.350,.438,.788,116,205,13,6,0,8,1,5D/H,turneju01
106,Gio Urshela,13,2022,30,MIN,AL,144,551,501,61,143,100,27,3,13,64,1,0,41,96,.285,.338,.429,.767,121,215,21,2,0,7,2,*5/DH6,urshegi01
107,DJ LeMahieu,12,2022,33,NYY,AL,125,541,467,74,122,92,18,0,12,46,4,3,67,71,.261,.357,.377,.734,111,176,12,4,1,2,0,543/HD,lemahdj01
108,Ketel Marte,12,2022,28,ARI,NL,137,558,492,68,118,62,42,2,12,52,5,1,55,101,.240,.321,.407,.727,106,200,12,6,0,5,3,4D/H,marteke01
109,Ha-Seong Kim,11,2022,26,SDP,NL,150,582,517,58,130,87,29,3,11,59,12,2,51,100,.251,.325,.383,.708,107,198,9,7,3,4,0,*65/H,kimha01
110,Whit Merrifield,11,2022,33,KCRTOR,AL,139,550,504,70,126,86,28,1,11,58,16,5,38,85,.250,.298,.375,.673,90,189,11,0,0,8,0,498/H7D31,merriwh01
111,Amed Rosario,11,2022,26,CLE,AL,153,670,637,86,180,134,26,9,11,71,18,4,25,111,.283,.312,.403,.715,106,257,19,4,0,4,0,*6/7DH,rosaram01
112,Jonathan Schoop,11,2022,30,DET,AL,131,510,481,48,97,62,23,1,11,38,5,0,19,107,.202,.239,.322,.561,62,155,15,6,0,4,1,*4/3HD,schoojo01
113,Alex Verdugo,11,2022,26,BOS,AL,152,644,593,75,166,115,39,1,11,74,1,3,42,86,.280,.328,.405,.732,102,240,14,3,0,6,2,*79/DH,verdual01
114,Nelson Cruz,10,2022,41,WSN,NL,124,507,448,50,105,79,16,0,10,64,4,0,49,119,.234,.313,.337,.651,90,151,16,4,0,3,1,*D/H,cruzne02
115,Nico Hoerner,10,2022,25,CHC,NL,135,517,481,60,135,98,22,5,10,55,20,2,28,57,.281,.327,.410,.736,107,197,11,6,0,2,4,*6/H5D,hoernni01
116,Yandy Díaz,9,2022,30,TBR,AL,137,558,473,71,140,98,33,0,9,57,3,3,78,60,.296,.401,.423,.824,143,200,10,6,0,1,2,53DH,diazya01
117,Jeff McNeil,9,2022,30,NYM,NL,148,589,533,73,174,125,39,1,9,62,4,0,40,61,.326,.382,.454,.836,140,242,6,11,0,5,1,479/DH5,mcneije01
118,Josh Rojas,9,2022,28,ARI,NL,125,510,443,66,119,84,25,1,9,56,23,3,55,98,.269,.349,.391,.739,111,173,7,2,5,5,2,54/HD,rojasjo01
119,Luis Arraez,8,2022,25,MIN,AL,144,603,547,88,173,133,31,1,8,49,4,4,50,43,.316,.375,.420,.795,130,230,6,3,0,3,2,34DH/5,arraelu01
120,Yuli Gurriel,8,2022,38,HOU,AL,146,584,545,53,132,84,40,0,8,53,8,0,30,73,.242,.288,.360,.647,84,196,13,6,0,3,0,*3/DH,gourryu01
121,Ke'Bryan Hayes,7,2022,25,PIT,NL,136,560,505,55,123,89,24,3,7,41,20,5,48,122,.244,.314,.345,.659,87,174,12,5,0,2,0,*5/H6D,hayeske01
122,Tony Kemp,7,2022,30,OAK,AL,147,558,497,61,117,84,24,2,7,46,11,1,45,69,.235,.307,.334,.641,88,166,5,8,5,3,0,47H/D,kempto01
123,J.P. Crawford,6,2022,27,SEA,AL,145,603,518,57,126,93,24,3,6,42,3,2,68,80,.243,.339,.336,.675,100,174,11,10,2,5,0,*6/H,crawfjp01
124,Steven Kwan,6,2022,24,CLE,AL,147,638,563,89,168,130,25,7,6,52,19,5,62,60,.298,.373,.400,.772,124,225,9,7,2,4,2,*79/8HD,kwanst01
125,Miguel Rojas,6,2022,33,MIA,NL,140,507,471,34,111,84,19,2,6,36,9,3,26,61,.236,.283,.323,.605,72,152,12,6,1,3,1,*63/H,rojasmi02
126,Andrew Benintendi,5,2022,27,KCRNYY,AL,126,521,461,54,140,109,23,3,5,51,8,3,52,77,.304,.373,.399,.772,120,184,7,2,1,5,0,*7/HD,beninan01
127,Isiah Kiner-Falefa,4,2022,27,NYY,AL,142,531,483,66,126,102,20,0,4,48,22,4,35,72,.261,.314,.327,.642,84,158,13,5,3,5,2,*6/5H,kineris01
128,Adam Frazier,3,2022,30,SEA,AL,156,602,541,61,129,100,22,4,3,42,11,6,46,73,.238,.301,.311,.612,80,168,15,5,4,6,1,*497H/D68,fraziad01
129,César Hernández,1,2022,32,WSN,NL,147,617,560,64,139,106,28,4,1,34,10,4,45,114,.248,.311,.318,.629,84,178,9,7,3,2,0,*47/5H,hernace02
130,Myles Straw,0,2022,27,CLE,AL,152,596,535,72,118,93,22,3,0,32,21,1,54,87,.221,.291,.273,.564,65,146,4,1,2,4,0,*8/H,strawmy01